mean_abs_diff=0.033152
max_abs_diff=0.143421
masked_frac=0.100000
unmasked_frac=0.900000
threshold_10pct=0.058751
