mean_abs_diff=0.019420
max_abs_diff=0.088972
masked_frac=0.100000
unmasked_frac=0.900000
threshold_10pct=0.033095
