mean_abs_diff=0.279561
max_abs_diff=1.095066
masked_frac=0.100000
unmasked_frac=0.900000
threshold_10pct=0.475121
