mean_abs_diff=0.118571
max_abs_diff=0.486154
masked_frac=0.100000
unmasked_frac=0.900000
threshold_10pct=0.209672
